-1,1, # 1 start
0,1,
0,1,
0,1,
0,0,
0,1, # 2 start
0,1,
0,1,
0,1,
0,0,
1,1, # 3 start
0,1,
0,1,
0,0,
0,0,
-1,1, # 4 start
0,1,
0,1,
0,1,
0,1,
-1,2, # 5 start
0,1,
0,1,
0,1,
0,1,
-1,2, # 6 start
-1,2,
-1,2,
0,2,
0,1,
-1,2, # 7 start
-1,1,
-1,1,
0,1,
0,1,
-1,1, # 8 start
0,1,
0,1,
0,1,
0,1,
1,1, # 9 start
0,1,
0,1,
0,1,
0,1,
1,1, # 10 start
1,1,
0,1,
0,1,
0,0,
1,1, # 11 start
1,1,
1,1,
0,1,
0,0,
1,1, # 12 start
0,1,
0,1,
0,1,
0,1,
1,1, # 13 start
0,1,
0,1,
0,1,
0,1,
-1,1, # 14 start
0,1,
0,1,
0,1,
0,0,
-1,1, # 15 start
-1,1,
0,0,
0,0,
0,0,
-1,1, # 16 start
-1,1,
0,0,
0,0,
0,0,
-1,1, # 17 start
-1,1,
0,0,
0,0,
0,0,
1,1, # 18 start
1,1,
-1,0,
0,0,
0,0,
1,0, # 19 start
1,0,
0,0,
0,0,
0,0,
1,1, # 20 start
1,1,
0,0,
0,0,
0,0,
1,1, # 21 start
1,1,
0,0,
0,0,
0,0,
1,1, # 22 start
1,1,
0,0,
0,0,
0,0,
-1,0, # 23 start
0,0,
0,0,
0,0,
0,0,
-1,0, # 24 start
-1,0,
0,0,
0,0,
0,0
-1,-1, # 25 start
-1,-1,
0,0,
0,0,
0,0,
-1,0, # 26 start
0,0,
0,0,
0,0,
0,0,
